18:22
   15.11.2017    17 095,1     19,25       19,05       19,79       -
15:49
   16.11.2017    23 859,0     19,30       18,95       19,75       -
21:27
   16.11.2017    23 939,0     19,30       18,95       19,75       -
08:30
   17.11.2017    2 140,5      19,47       19,35       19,50       -
09:35
   17.11.2017    2 140,5      19,47       19,35       19,50       -
12:22
   17.11.2017    3 161,5      19,40       19,25       19,50       -
19:52
   17.11.2017    4 901,5      19,35       19,20       19,50       -
23:11
   17.11.2017    4 996,3      19,35       19,20       19,50       -
08:41
   18.11.2017    300,0        19,20       19,20       19,20       -
08:52
   18.11.2017    300,0        19,20       19,20       19,20       -
17:17
   18.11.2017    2 476,6      19,38       19,20       19,55       -
19:39
   18.11.2017    2 476,6      19,38       19,20       19,55       -
12:17
   19.11.2017    816,0        19,45       19,45       19,45       -
06:40
   20.11.2017    2 750,0      19,61       19,50       19,68       -
06:41
   20.11.2017    2 750,0      19,61       19,50       19,68       -
08:58
   20.11.2017    2 750,0      19,61       19,50       19,68       -
10:15
   20.11.2017    2 750,0      19,61       19,50       19,68       -
10:16
   20.11.2017    2 750,0      19,61       19,50       19,68       -
11:29
   20.11.2017    3 403,3      19,59       19,50       19,68       -
11:32
   20.11.2017    3 403,3      19,59       19,50       19,68       -
11:44
   20.11.2017    3 403,3      19,59       19,50       19,68       -
11:45
   20.11.2017    3 403,3      19,59       19,50       19,68       -
12:06
   20.11.2017    3 403,3      19,59       19,50       19,68       -
15:00
   21.11.2017    4 100,8      19,56       19,45       20,10       -
11:39
   22.11.2017    2 230,0      19,72       19,65       19,90       -
04:16
   23.11.2017    0,8          19,80       19,80       19,80       -
00:01
04:27
08:50
08:51
02:39
02:42
   25.11.2017    2 201,8      20,63       20,35       20,70       -
18:00
   26.11.2017    5 276,1      20,81       20,60       20,94       -
21:49
   26.11.2017    7 776,1      20,80       20,60       20,94       -
11:49
   27.11.2017    700,0        20,90       20,90       20,90       -
19:53
   27.11.2017    3 927,1      20,90       20,66       21,55       -
04:45
   28.11.2017    1 191,2      20,96       20,80       21,01       -
13:39
   29.11.2017    16 719,3     20,52       20,48       20,60       -
21:16
   29.11.2017    23 147,3     20,59       20,48       20,98       -
21:17
   29.11.2017    23 147,3     20,59       20,48       20,98       -
09:42
16:44
21:14
21:16
23:07
23:12
10:11
   01.12.2017    736,5        20,49       20,35       20,65       -
20:43
   02.12.2017    6 892,5      20,86       20,60       21,40       -
01:55
   04.12.2017    836,3        20,87       20,80       21,00       -
11:01
   05.12.2017    5 075,0      21,38       21,20       21,45       -
18:20
   05.12.2017    9 976,4      21,35       21,20       21,45       -
10:21
   06.12.2017    4 481,0      21,25       21,11       21,45       -
22:32
   06.12.2017    8 045,8      20,99       20,41       21,45       -
23:15
   07.12.2017    6 124,0      20,97       20,85       21,08       -
21:31
   08.12.2017    5 515,2      20,72       20,25       21,00       -
00:36
   10.12.2017    1 061,5      20,33       20,30       20,97       -
20:33
   10.12.2017    4 211,9      20,34       20,20       20,97       -
08:49
   11.12.2017    600,0        20,50       20,40       20,60       -
10:12
   12.12.2017    5 621,5      20,87       20,30       21,80       -
14:08
   12.12.2017    11 341,5     21,87       20,30       23,90       -
17:35
   12.12.2017    15 826,9     22,09       20,30       23,90       -
22:33
   13.12.2017    12 731,4     21,42       20,40       23,50       -
08:26
   14.12.2017    200,0        20,75       20,75       20,75       -
09:34
   15.12.2017    0,0          -           -           -           -
09:51
   15.12.2017    0,0          -           -           -           -
17:18
   15.12.2017    6 000,0      20,95       20,72       21,03       -
18:20
   15.12.2017    6 000,0      20,95       20,72       21,03       -
11:37
   16.12.2017    750,0        21,40       21,40       21,40       -
15:29
   17.12.2017    2 068,0      21,32       20,96       21,50       -
15:51
   17.12.2017    2 068,0      21,32       20,96       21,50       -
15:55
   17.12.2017    2 068,0      21,32       20,96       21,50       -
16:40
   17.12.2017    2 188,0      21,30       20,82       21,50       -
19:21
   17.12.2017    2 188,0      21,30       20,82       21,50       -
20:50
   17.12.2017    2 189,6      21,30       20,82       21,50       -
07:14
   18.12.2017    8 440,0      21,37       21,01       21,60       -
10:06
   18.12.2017    13 404,0     21,32       20,80       21,65       -
11:28
   18.12.2017    14 224,0     21,29       20,70       21,65       -
14:49
   18.12.2017    18 059,3     21,21       20,70       21,65       -
21:42
   19.12.2017    15 984,4     20,67       20,35       21,05       -
11:59
   20.12.2017    7 399,5      20,27       20,00       20,95       -
18:12
   21.12.2017    4 203,6      19,94       19,30       20,20       -
07:56
   22.12.2017    1 084,0      19,50       19,50       19,50       -
13:47
   22.12.2017    4 372,0      19,21       18,71       19,50       -
06:32
   23.12.2017    618,0        19,13       19,10       19,50       -
12:56
12:56
   24.12.2017    1,2          18,70       18,70       18,70       -
21:55
   25.12.2017    15 408,0     16,26       15,86       17,80       -
15:15
   26.12.2017    8 245,0      17,11       16,00       19,35       -
22:02
   26.12.2017    9 193,8      17,30       16,00       19,35       -
14:29
   27.12.2017    6 236,3      19,65       18,20       19,80       -
19:51
   28.12.2017    13 445,0     18,94       18,75       19,20       -
01:58
   29.12.2017    6 212,0      19,07       18,90       19,25       -
20:51
   29.12.2017    6 727,0      19,06       18,50       19,25       -
16:21
   30.12.2017    3 990,0      19,39       19,15       19,58       -
16:39
09:36
   02.01.2018    499,0        19,18       19,15       19,30       -
12:05
   03.01.2018    1 978,0      18,98       18,70       19,35       -
22:41
   03.01.2018    5 509,0      18,98       18,70       19,35       -
09:03
   04.01.2018    2 200,0      18,88       18,60       19,05       -
01:13
   05.01.2018    5 940,0      18,90       18,85       18,92       -
15:30
   08.01.2018    9 209,0      18,59       18,00       18,95       -
15:16
   09.01.2018    4 207,8      18,75       18,10       19,00       -
18:47
   16.01.2018    11 158,7     19,11       18,80       19,21       -
11:46
   17.01.2018    2 703,7      18,88       18,65       18,99       -
