   Hodina (EUR/MWh)  (MWh)        (MWh)
                              CR->SR  SR->CR
   1      30,48     1 865,3  0,0      216,9
   2      29,30     1 976,0  0,0      369,3
   3      28,99     1 891,6  0,0      260,8
   4      28,49     1 920,8  0,0      190,8
   5      28,99     1 826,9  0,0      170,4
   6      31,66     2 084,6  285,3    0,0
   7      37,23     2 441,3  313,1    0,0
   8      45,00     2 320,9  148,7    0,0
   9      45,09     2 413,1  500,1    0,0
   10     45,83     2 424,3  589,0    0,0
   11     44,48     2 283,0  471,7    0,0
   12     40,43     2 179,5  485,0    0,0
   13     38,19     2 275,7  482,0    0,0
   14     36,66     2 422,9  484,0    0,0
   15     36,87     2 281,2  373,3    0,0
   16     38,90     2 042,8  75,8     0,0
   17     42,81     2 082,6  142,5    0,0
   18     47,78     2 278,0  562,4    0,0
   19     50,96     2 145,5  447,9    0,0
   20     48,09     2 167,6  313,1    0,0
   21     44,60     2 460,7  492,0    0,0
   22     41,00     1 815,3  57,2     0,0
   23     39,29     1 678,9  263,1    0,0
   24     35,55     2 252,6  271,1    0,0
