   Hodina mnozstvi (MWh) prumer cen   cena      cena    uzavreneho kontraktu
                         (EUR/MWh)  (EUR/MWh) (EUR/MWh)       (EUR/MWh)
   1      21,5           12,11      11,00     15,00     11,00
   2      18,1           9,10       8,00      10,00     8,00
   3      62,4           17,63      5,00      24,90     23,00
   4      54,1           18,02      5,00      23,00     10,03
   5      9,0            7,05       2,50      22,99     2,50
   6      11,1           5,98       5,00      6,00      5,00
   7      16,0           35,49      21,00     39,98     39,98
   8      4,8            63,54      36,00     75,00     36,00
   9      37,0           45,67      39,99     59,21     50,00
   10     49,8           41,64      21,50     58,45     21,50
   11     36,8           39,79      21,50     52,00     44,90
   12     61,8           45,00      35,00     59,00     40,01
   13     56,0           38,24      30,00     51,89     30,00
   14     61,6           39,99      30,01     45,90     39,40
   15     109,8          32,21      20,00     59,00     20,00
   16     130,0          37,47      24,00     46,00     24,00
   17     97,0           35,62      25,00     45,00     45,00
   18     49,0           37,83      35,00     44,90     44,90
   19     101,0          26,05      17,30     40,00     17,30
   20     59,0           28,74      20,00     40,00     20,00
   21     57,8           31,15      23,81     53,55     23,81
   22
   23
   24
   18.01.2018    5 074,2      18,28       18,00       18,65       -
